12345678901234567890123456789012
29003338617810476025077335395086
23597189068073703642390140458078
81635529950048268512906637347521
29303146806619405619414431356333
64094665325059334979415376128741
11721382191243324072867092218933
73544008374869820574792645422657
27792998455486694393046235720375
47152728364610619195395862517440
42576084279464196775320492653909
90482935970271540796858975417513
25014099096284515456263609688923
88822412030742149555173387164527
38309294760638135308802150374062
91457166323238028661217227572882
37092756528923475628996674848182
84289378524602120111367826567740
52478921916042319107699739597780
75953173450354236530119196274824
33253642188026601962796363481481
30550861680971262227120795085461
23869942053784333523455414596347
60583810733719483836315270350645
18076585160870315062105959773601
68847620016345739223466724312943
80953625753725728174363256497373
61751070754513278931305732364530
11282805183761528608040140612103
26374024758100616364183425633188
23490791586772682738583175605170
19419472284487841574888268847248
20595531729102923444640247399361
84302401482043240503208550968722
40428809332306106946866118714456
27687691968998602240529416825942
75207226829917796941240046008578
63932434908739128428589021085758
42799526150417412894921392002139
71873586357956527863789472238516
73195680784703831215570744619181
35915274350215290384270349232054
10811874023110819973141451933934
90435768906500453613920819923906
19428109981062744221620383730354
65777643816896569462792465979358
44157433866789587196103596219099
99254612031866490198344295752567
98659212046531442460645394284627
21566462226094034061223909420164
13770765058816355052747367713517
43315952458277935269484929465128
34035696884158123181886772941227
39149546824778376762494092882734
34044321544293824946923363364891
89336276593249204911812234270152
24994283238648313220135337658645
46382269048946614797773887761851
61529711064822845469206036662416
75005838385871852478714010247136
50279897328282742858165308342353
80618647145770696411690032065423
17407822849207361829181950944206
20027895208454467877849920674365
63940605511843592417646514646760
21775437423216512993496010380526
97532448567524944300965199238755
37233332920777355985376525310693
87790560842243143951558785686999
85863727860345621736437619154264
21222265174321575658235814951209
24856398283306453146131594050697
95200758608738359236448090846438
81910013145273433380110313648208
52301422949354880543347256582647
47898529431080782318771318160245
33805694882500376850599492447095
63575761896426175550973431770029
36869354059234473745188815595171
55699921982172018740119525333370
59964917591645998992031817253457
41975541718512557383927073108052
91308315762702950631666442639847
85405116498890442878097693368200
81825737341371203242594782817239
47830011568262170124900243490465
84373444467530112806988959067478
48773672351569580172020373629765
76008164744241570631653360205537
77688388915237175492324131149831