12345678901234567890123456789012
29003338617810476025077335395086
23597189068073703642390140458078
81635529950048268512906637347521
29303146806619405619414431356333
64094665325059334979415376128741
11721382191243324072867092218933
73544008374869820574792645422657
27792998455486694393046235720375
47152728364610619195395862517440
42576084279464196775320492653909
25014099096284515456263609688923
88822412030742149555173387164527
13450067418829376588023353718803
91457166323238028661217227572882
35841232078514044516612106754693
37092756528923475628996674848182
84289378524602120111367826567740
75953173450354236530119196274824
33253642188026601962796363481481
30550861680971262227120795085461
60583810733719483836315270350645
18076585160870315062105959773601
68847620016345739223466724312943
61751070754513278931305732364530
11282805183761528608040140612103
26374024758100616364183425633188
23490791586772682738583175605170
19419472284487841574888268847248
20595531729102923444640247399361
84302401482043240503208550968722
40428809332306106946866118714456